113	20	0.5
15	107	0.507
15	111	0.438
15	105	0.382
15	104	0.439
15	82	0.504
15	78	0.569
15	35	0.5
15	4	0.441
15	84	0.471
15	36	0.449
15	70	0.409
15	1	0.431
15	2	0.443
15	101	0.501
15	37	0.373
15	12	0.417
15	18	0.42
15	83	0.53
15	77	0.527
15	41	0.472
15	8	0.468
45	107	0.529
15	112	0.473
15	71	0.501
45	111	0.556
15	93	0.481
45	104	0.346
15	95	0.483
45	105	0.49
15	58	0.579
45	112	0.45
15	66	0.571
45	71	0.509
15	57	0.458
45	84	0.507
15	67	0.453
45	4	0.431
15	56	0.46
45	35	0.494
15	94	0.455
45	82	0.316
15	6	0.543
45	12	0.358
15	11	0.53
45	37	0.439
15	80	0.502
45	70	0.492
15	22	0.509
104	111	0.404
45	94	0.402
104	107	0.544
15	21	0.438
45	6	0.601
104	105	0.54
15	90	0.428
45	19	0.387
2	111	0.476
15	27	0.48
104	103	0.522
2	107	0.437
45	78	0.51
104	97	0.406
15	91	0.506
45	93	0.498
2	105	0.561
15	25	0.413
104	89	0.522
45	77	0.555
2	104	0.36
104	86	0.424
15	85	0.477
2	112	0.39
45	97	0.469
15	43	0.502
104	84	0.454
45	28	0.458
2	71	0.448
104	82	0.447
15	69	0.511
2	82	0.534
45	96	0.529
15	76	0.517
104	77	0.489
45	13	0.438
2	78	0.522
15	97	0.405
104	76	0.485
2	29	0.46
45	25	0.395
104	70	0.364
15	17	0.488
45	91	0.457
2	30	0.469
15	109	0.523
104	69	0.448
2	1	0.426
45	83	0.55
104	66	0.598
15	38	0.509
2	35	0.533
45	65	0.536
15	40	0.478
104	110	0.434
45	34	0.478
2	101	0.449
15	106	0.486
104	60	0.442
2	77	0.555
45	55	0.454
104	58	0.425
15	31	0.469
45	2	0.46
2	19	0.445
15	61	0.424
104	56	0.361
2	65	0.529
45	101	0.494
104	54	0.385
15	7	0.466
45	89	0.488
2	84	0.439
15	59	0.46
104	48	0.473
2	66	0.528
45	58	0.555
15	88	0.491
104	46	0.385
45	22	0.599
2	67	0.435
104	43	0.396
15	49	0.458
2	57	0.436
45	21	0.458
15	32	0.558
104	36	0.419
2	37	0.422
45	74	0.523
104	35	0.508
15	68	0.497
45	23	0.467
2	28	0.424
15	62	0.465
104	90	0.356
2	18	0.419
45	36	0.589
104	27	0.357
15	89	0.498
2	56	0.501
45	14	0.497
15	3	0.441
104	92	0.51
45	33	0.551
2	69	0.519
104	79	0.493
15	50	0.46
2	93	0.48
45	87	0.442
104	26	0.382
15	10	0.486
45	10	0.43
2	36	0.449
15	99	0.38
104	19	0.424
2	4	0.385
45	99	0.444
104	18	0.437
15	96	0.495
45	90	0.472
2	43	0.43
13	111	0.525
15	13	0.465
104	109	0.545
101	111	0.473
45	27	0.516
104	38	0.465
15	47	0.471
13	107	0.519
2	94	0.472
101	107	0.575
2	6	0.536
45	1	0.427
15	65	0.497
104	40	0.439
13	105	0.49
101	105	0.564
39	111	0.448
13	104	0.413
104	17	0.394
2	27	0.441
15	16	0.435
45	69	0.483
39	107	0.499
101	84	0.491
45	100	0.536
13	4	0.402
104	95	0.448
15	5	0.433
2	90	0.465
101	12	0.448
39	105	0.522
2	12	0.418
13	96	0.455
104	15	0.439
15	33	0.562
45	39	0.435
39	104	0.39
101	112	0.497
25	111	0.477
45	98	0.468
104	12	0.44
2	50	0.485
13	37	0.402
15	14	0.468
25	105	0.503
26	107	0.516
39	84	0.445
101	71	0.493
13	82	0.509
45	75	0.432
104	80	0.495
2	3	0.42
101	104	0.437
39	82	0.534
15	87	0.448
25	107	0.548
26	111	0.452
2	70	0.448
104	11	0.459
45	9	0.547
13	101	0.443
39	4	0.499
25	37	0.414
26	105	0.464
15	34	0.526
101	82	0.548
2	58	0.478
104	41	0.432
13	2	0.436
45	44	0.424
101	19	0.506
26	104	0.382
15	45	0.509
39	12	0.415
25	104	0.426
45	102	0.569
104	8	0.472
2	20	0.5
13	93	0.487
39	78	0.54
26	36	0.444
101	37	0.46
25	82	0.54
15	55	0.448
13	112	0.406
45	64	0.599
2	73	0.527
104	61	0.423
15	26	0.395
39	37	0.443
26	2	0.429
101	1	0.469
25	94	0.48
2	95	0.517
104	7	0.418
13	71	0.499
45	72	0.485
25	6	0.528
15	92	0.546
39	28	0.477
26	101	0.439
101	36	0.535
45	16	0.492
13	77	0.594
2	15	0.443
104	4	0.396
101	78	0.582
25	36	0.455
26	4	0.456
39	35	0.546
15	79	0.522
104	1	0.389
2	76	0.445
13	83	0.514
45	5	0.535
15	19	0.437
101	83	0.546
39	36	0.451
26	77	0.512
25	101	0.452
13	57	0.465
2	89	0.502
45	106	0.435
104	50	0.412
26	37	0.437
101	35	0.567
39	57	0.445
15	73	0.489
25	2	0.446
104	3	0.447
13	67	0.502
45	31	0.561
2	97	0.35
25	4	0.453
101	94	0.477
26	84	0.424
15	20	0.495
39	67	0.492
2	25	0.446
104	62	0.466
13	100	0.446
45	47	0.549
39	19	0.458
15	110	0.478
26	82	0.514
101	6	0.537
25	112	0.45
45	73	0.602
13	39	0.451
2	91	0.524
104	68	0.448
101	2	0.449
39	94	0.444
26	94	0.446
15	60	0.415
25	71	0.503
104	32	0.508
2	85	0.446
45	20	0.57
13	18	0.46
38	82	0.651
25	99	0.387
101	70	0.454
15	86	0.481
26	6	0.518
39	6	0.582
38	111	0.558
104	42	0.473
45	85	0.532
13	29	0.45
2	83	0.482
25	10	0.49
46	107	0.558
112	107	0.473
101	66	0.677
45	32	0.571
13	30	0.485
38	107	0.6
39	100	0.491
2	59	0.436
26	35	0.536
15	46	0.466
25	77	0.564
104	63	0.493
101	77	0.571
112	111	0.363
46	111	0.522
13	84	0.454
46	105	0.593
38	37	0.498
39	101	0.472
2	88	0.488
104	28	0.409
15	54	0.387
26	93	0.453
45	68	0.541
101	30	0.46
25	46	0.486
112	82	0.503
13	78	0.543
46	104	0.385
112	69	0.515
101	29	0.469
2	49	0.445
15	100	0.487
26	70	0.461
104	81	0.356
25	91	0.548
38	4	0.516
39	2	0.452
45	62	0.46
13	12	0.396
46	82	0.58
13	35	0.435
112	77	0.504
104	51	0.414
39	93	0.462
26	30	0.443
15	39	0.488
45	43	0.495
2	64	0.454
38	104	0.465
25	83	0.499
101	28	0.478
46	37	0.37
101	76	0.42
104	100	0.441
112	78	0.373
13	70	0.46
2	72	0.416
26	29	0.451
25	43	0.432
45	92	0.501
39	77	0.51
15	75	0.428
38	101	0.498
46	43	0.437
25	18	0.468
104	39	0.39
101	50	0.491
112	84	0.436
2	80	0.524
13	22	0.512
45	26	0.415
15	98	0.421
38	2	0.555
26	57	0.485
39	112	0.443
1	111	0.48
46	84	0.526
41	12	0.451
1	70	0.417
25	58	0.501
112	48	0.501
13	21	0.402
2	11	0.503
101	3	0.469
104	98	0.433
10	111	0.465
45	79	0.539
41	107	0.546
46	94	0.432
39	71	0.496
26	67	0.498
38	84	0.49
15	53	0.489
49	107	0.582
1	105	0.589
45	48	0.475
49	111	0.479
32	89	0.6
1	12	0.531
17	111	0.506
38	43	0.552
45	15	0.509
26	18	0.442
15	52	0.545
41	105	0.514
15	64	0.47
25	19	0.457
2	99	0.404
104	75	0.389
10	37	0.459
39	96	0.45
1	107	0.517
32	111	0.586
49	105	0.485
13	19	0.437
112	83	0.506
101	58	0.595
45	95	0.489
41	111	0.524
2	10	0.534
17	107	0.54
26	83	0.469
15	72	0.455
101	48	0.537
45	103	0.501
46	6	0.599
38	83	0.524
25	76	0.431
104	94	0.438
32	58	0.385
39	13	0.451
1	19	0.422
10	105	0.579
49	104	0.42
112	87	0.457
13	91	0.54
15	42	0.541
41	104	0.432
2	96	0.486
17	105	0.643
26	99	0.398
25	30	0.465
101	4	0.49
46	35	0.514
45	41	0.48
39	18	0.429
38	35	0.552
2	13	0.436
17	104	0.394
15	63	0.495
13	25	0.456
112	76	0.399
49	82	0.372
26	10	0.472
32	12	0.376
10	107	0.593
104	6	0.476
41	112	0.413
1	48	0.385
39	70	0.465
38	93	0.544
25	29	0.441
46	4	0.504
45	8	0.527
101	43	0.504
104	112	0.406
2	48	0.478
13	85	0.451
17	35	0.605
112	56	0.486
49	35	0.432
15	103	0.543
26	112	0.43
10	104	0.423
1	104	0.389
41	71	0.475
32	107	0.566
45	42	0.468
39	56	0.499
25	93	0.462
38	28	0.532
46	2	0.455
101	10	0.5
32	105	0.475
112	19	0.479
2	39	0.452
104	71	0.452
49	4	0.457
1	77	0.323
41	70	0.467
15	23	0.452
10	1	0.456
13	36	0.499
17	82	0.575
26	71	0.48
46	101	0.517
39	10	0.476
25	26	0.433
101	99	0.425
45	63	0.524
38	70	0.514
10	94	0.384
104	9	0.438
26	12	0.416
2	100	0.45
112	5	0.467
32	82	0.532
1	94	0.412
49	93	0.474
41	56	0.54
15	74	0.507
17	37	0.451
13	10	0.48
45	30	0.62
101	96	0.514
39	99	0.403
46	85	0.518
38	87	0.529
25	92	0.482
32	112	0.461
26	27	0.394
104	44	0.375
10	6	0.615
39	32	0.514
41	1	0.426
2	75	0.412
15	30	0.483
17	84	0.438
112	4	0.512
13	99	0.376
25	79	0.471
1	6	0.295
49	36	0.502
45	29	0.448
46	12	0.437
101	13	0.443
38	27	0.548
10	12	0.414
104	102	0.493
26	90	0.408
15	29	0.47
39	62	0.534
41	8	0.527
31	111	0.553
32	71	0.535
104	73	0.46
17	36	0.472
101	87	0.444
1	56	0.357
41	67	0.541
39	68	0.475
45	18	0.484
26	33	0.465
38	90	0.512
10	35	0.449
15	28	0.461
112	71	0.517
13	1	0.457
46	78	0.615
25	52	0.519
2	98	0.478
49	70	0.491
44	107	0.495
31	107	0.557
39	1	0.448
41	57	0.485
1	35	0.464
32	19	0.507
17	4	0.493
101	14	0.476
104	20	0.478
45	54	0.424
44	105	0.571
25	53	0.488
112	54	0.438
2	47	0.449
13	97	0.37
15	81	0.369
10	82	0.539
11	111	0.567
26	14	0.425
38	36	0.552
45	109	0.618
101	33	0.544
41	77	0.488
104	78	0.566
39	97	0.414
17	93	0.469
1	82	0.38
49	87	0.456
32	54	0.562
46	36	0.469
31	105	0.518
15	51	0.479
2	106	0.436
112	66	0.46
25	65	0.487
38	78	0.513
11	107	0.575
26	87	0.451
44	12	0.346
13	74	0.467
104	53	0.423
45	38	0.579
101	93	0.467
41	83	0.561
10	19	0.5
38	33	0.583
25	35	0.496
2	31	0.502
15	44	0.435
31	104	0.482
39	11	0.511
32	4	0.333
112	18	0.423
49	37	0.438
46	27	0.504
1	67	0.279
17	77	0.637
11	105	0.545
26	19	0.447
45	40	0.554
1	57	0.423
104	52	0.492
17	112	0.512
15	102	0.508
25	95	0.512
46	90	0.525
112	37	0.442
2	16	0.47
49	85	0.533
32	1	0.541
39	80	0.533
31	106	0.517
11	104	0.459
13	23	0.411
101	61	0.516
41	37	0.443
10	85	0.492
44	111	0.436
38	14	0.508
26	11	0.488
13	94	0.448
31	4	0.453
38	12	0.486
44	85	0.428
41	4	0.366
10	18	0.425
39	66	0.526
101	7	0.505
49	2	0.445
11	82	0.575
112	46	0.508
32	85	0.493
25	15	0.413
15	9	0.561
46	70	0.478
26	80	0.525
104	74	0.471
2	5	0.425
17	71	0.513
45	17	0.52
1	101	0.469
13	6	0.606
38	112	0.51
41	19	0.404
44	48	0.291
31	70	0.524
38	71	0.593
49	101	0.463
10	101	0.5
11	77	0.605
39	106	0.434
25	70	0.497
46	28	0.531
101	69	0.467
104	23	0.413
15	48	0.457
26	56	0.459
32	56	0.496
17	18	0.451
2	110	0.498
1	2	0.426
112	36	0.519
13	56	0.466
45	52	0.572
44	84	0.44
41	82	0.563
31	77	0.589
38	77	0.573
25	66	0.578
49	110	0.533
39	31	0.5
104	29	0.399
11	4	0.539
31	84	0.526
101	65	0.493
46	1	0.461
1	84	0.452
26	43	0.446
45	53	0.568
112	55	0.475
32	104	0.508
13	17	0.517
41	94	0.519
17	12	0.458
44	104	0.375
2	60	0.452
10	2	0.534
20	111	0.528
19	111	0.452
49	60	0.502
11	84	0.53
39	76	0.493
104	30	0.426
25	48	0.502
38	1	0.527
10	99	0.416
20	107	0.597
31	93	0.521
19	107	0.529
101	97	0.425
1	28	0.47
45	66	0.621
112	45	0.45
26	32	0.499
13	109	0.522
41	6	0.591
17	78	0.525
32	36	0.52
2	46	0.455
46	93	0.457
44	37	0.433
39	69	0.497
49	78	0.442
11	36	0.526
38	97	0.479
25	27	0.461
104	64	0.475
4	111	0.414
44	46	0.423
41	2	0.42
2	86	0.481
17	2	0.458
112	34	0.501
32	18	0.559
101	85	0.505
19	12	0.414
26	68	0.47
45	59	0.452
1	10	0.456
31	35	0.536
10	77	0.496
13	38	0.535
20	113	0.5
25	90	0.454
46	57	0.481
104	72	0.512
4	107	0.425
39	81	0.418
49	84	0.448
11	2	0.503
38	15	0.509
19	1	0.422
32	2	0.527
17	101	0.475
112	16	0.425
101	25	0.452
44	70	0.303
2	54	0.441
50	111	0.473
28	111	0.518
13	40	0.486
41	101	0.489
1	99	0.375
45	88	0.525
38	95	0.548
31	112	0.516
104	67	0.442
39	51	0.472
49	27	0.502
11	101	0.526
10	93	0.528
4	105	0.596
20	105	0.53
26	62	0.504
46	67	0.505
25	50	0.461
2	81	0.438
28	107	0.557
50	107	0.53
17	28	0.447
19	105	0.476
112	73	0.51
101	91	0.563
44	19	0.356
32	101	0.587
27	107	0.583
57	58	0.489
10	43	0.504
25	3	0.448
39	26	0.425
41	28	0.446
45	49	0.514
38	58	0.573
13	54	0.479
49	90	0.458
4	66	0.677
20	104	0.478
1	27	0.417
31	71	0.563
104	57	0.436
26	1	0.429
46	19	0.491
11	35	0.572
32	84	0.533
101	32	0.587
44	82	0.407
17	70	0.384
19	112	0.479
112	20	0.513
2	51	0.461
27	111	0.517
25	73	0.476
57	111	0.542
19	71	0.495
49	12	0.378
44	4	0.409
41	84	0.498
38	19	0.577
11	93	0.505
112	50	0.444
17	90	0.496
1	90	0.491
2	34	0.488
50	105	0.46
46	77	0.562
31	83	0.557
20	82	0.614
26	97	0.427
101	62	0.506
27	105	0.524
32	46	0.519
13	58	0.53
4	12	0.402
39	79	0.476
10	70	0.542
45	110	0.537
104	21	0.383
25	20	0.508
17	27	0.455
49	15	0.458
19	104	0.424
41	69	0.496
1	36	0.452
11	70	0.529
112	3	0.404
44	54	0.309
38	85	0.564
28	105	0.545
39	92	0.508
2	55	0.533
57	107	0.552
104	22	0.482
25	78	0.569
13	43	0.437
50	104	0.412
26	22	0.531
101	68	0.47
46	97	0.461
31	58	0.543
4	104	0.396
32	8	0.59
27	104	0.357
10	48	0.406
20	84	0.559
45	60	0.459
11	80	0.596
41	95	0.542
38	25	0.501
19	48	0.582
17	19	0.48
1	47	0.453
28	70	0.528
112	65	0.476
49	95	0.468
44	89	0.237
57	66	0.481
46	112	0.508
101	95	0.513
10	56	0.422
27	112	0.417
50	112	0.444
32	41	0.492
2	45	0.46
26	21	0.426
13	50	0.469
39	25	0.454
4	36	0.399
45	86	0.561
20	35	0.602
31	1	0.49
25	110	0.512
104	91	0.53
1	37	0.416
28	104	0.409
19	36	0.497
49	77	0.582
17	69	0.527
112	97	0.414
41	15	0.472
38	91	0.597
44	95	0.376
11	110	0.515
20	4	0.411
50	71	0.529
32	15	0.558
2	87	0.451
4	58	0.446
39	91	0.525
46	71	0.519
26	25	0.433
57	105	0.517
13	3	0.463
44	15	0.435
104	25	0.426
27	71	0.498
31	12	0.44
11	60	0.529
1	66	0.542
25	60	0.489
101	15	0.501
45	46	0.517
28	48	0.556
10	28	0.495
17	25	0.485
19	56	0.492
112	1	0.479
41	48	0.541
38	29	0.578
49	76	0.451
32	95	0.6
46	80	0.569
4	56	0.438
2	14	0.421
39	85	0.508
26	91	0.497
50	77	0.611
20	70	0.507
61	111	0.494
112	43	0.431
31	18	0.483
104	85	0.488
27	35	0.477
13	76	0.444
57	60	0.495
44	18	0.388
17	91	0.514
28	112	0.503
38	30	0.569
49	30	0.531
19	82	0.5
10	95	0.504
101	88	0.472
41	103	0.556
45	50	0.554
50	29	0.469
20	2	0.5
1	85	0.467
61	107	0.566
32	70	0.547
46	11	0.584
2	33	0.398
4	82	0.543
39	47	0.486
26	85	0.47
25	80	0.511
11	78	0.554
31	36	0.527
112	81	0.388
27	82	0.448
104	101	0.437
4	78	0.59
28	71	0.54
13	90	0.465
38	57	0.55
17	85	0.5
19	84	0.454
10	15	0.486
112	51	0.495
41	35	0.506
101	49	0.463
20	101	0.511
45	3	0.54
44	2	0.419
32	35	0.612
1	15	0.431
2	26	0.429
26	3	0.397
57	110	0.527
28	82	0.533
46	91	0.54
4	70	0.314
11	12	0.452
25	11	0.5
31	91	0.61
27	83	0.501
50	30	0.517
104	2	0.36
21	105	0.541
13	27	0.474
39	15	0.488
61	37	0.373
57	103	0.549
49	29	0.48
38	67	0.557
10	87	0.498
101	59	0.471
1	95	0.482
26	50	0.436
32	57	0.523
28	19	0.496
20	37	0.533
50	94	0.45
25	59	0.49
27	2	0.441
11	37	0.435
2	92	0.516
45	81	0.437
17	110	0.504
39	95	0.523
41	93	0.506
44	101	0.465
21	111	0.484
4	84	0.406
112	28	0.503
13	89	0.477
104	45	0.346
19	70	0.457
61	105	0.512
31	25	0.504
46	25	0.486
30	111	0.527
49	94	0.427
104	34	0.432
1	54	0.417
26	59	0.397
28	78	0.521
2	79	0.517
27	101	0.494
101	80	0.563
25	88	0.49
11	112	0.517
46	30	0.496
50	6	0.638
57	36	0.488
4	77	0.419
38	56	0.575
112	70	0.474
17	60	0.523
39	83	0.515
13	106	0.461
21	107	0.486
41	43	0.516
31	2	0.502
61	4	0.427
45	51	0.533
20	12	0.454
32	67	0.521
10	66	0.639
44	78	0.45
19	28	0.496
49	6	0.605
30	107	0.554
100	107	0.535
104	55	0.428
22	107	0.617
13	31	0.48
27	57	0.501
101	11	0.526
11	71	0.559
38	94	0.493
25	49	0.435
10	14	0.491
26	49	0.427
44	58	0.421
17	54	0.485
39	59	0.481
57	84	0.451
2	61	0.454
50	37	0.464
1	18	0.475
46	29	0.478
31	101	0.516
20	78	0.542
41	47	0.502
19	110	0.502
21	104	0.383
30	105	0.502
49	99	0.442
28	35	0.487
4	35	0.425
32	77	0.514
61	69	0.49
112	58	0.483
45	67	0.5
22	111	0.557
104	14	0.382
100	111	0.519
13	72	0.472
30	104	0.426
61	70	0.438
4	94	0.471
45	57	0.527
41	89	0.422
44	93	0.365
38	6	0.647
57	95	0.479
31	97	0.446
101	90	0.494
26	88	0.456
2	7	0.445
17	75	0.431
1	112	0.479
10	33	0.557
27	67	0.516
11	83	0.567
50	19	0.463
21	82	0.484
28	77	0.508
100	103	0.5
104	33	0.438
25	84	0.445
32	48	0.541
19	60	0.488
20	18	0.51
39	49	0.438
112	42	0.502
46	99	0.411
49	10	0.45
22	105	0.549
13	64	0.444
30	82	0.583
101	27	0.494
45	56	0.555
4	6	0.336
31	6	0.629
57	15	0.458
2	9	0.554
26	7	0.455
61	83	0.48
44	57	0.456
41	97	0.41
13	73	0.485
49	96	0.496
22	104	0.482
32	93	0.496
104	87	0.43
46	10	0.487
25	72	0.472
19	101	0.506
28	101	0.478
30	112	0.454
38	59	0.577
112	63	0.459
50	18	0.452
39	88	0.469
11	46	0.584
27	4	0.426
21	4	0.382
20	83	0.548
10	47	0.518
101	23	0.413
100	66	0.661
17	98	0.536
1	71	0.504
26	61	0.469
4	41	0.366
31	94	0.501
2	44	0.419
57	104	0.436
44	67	0.339
61	56	0.392
40	107	0.548
10	27	0.543
11	18	0.515
27	70	0.455
38	88	0.532
21	35	0.465
39	61	0.502
50	101	0.491
112	29	0.401
25	64	0.487
28	2	0.424
30	71	0.543
104	106	0.393
19	2	0.445
22	19	0.496
46	96	0.522
32	94	0.514
13	20	0.494
17	100	0.528
49	13	0.423
41	106	0.46
45	61	0.491
1	93	0.407
101	74	0.498
100	12	0.461
26	69	0.479
31	43	0.503
20	112	0.513
2	102	0.538
4	8	0.476
111	107	0.573
61	28	0.511
57	112	0.48
23	111	0.513
44	94	0.458
34	111	0.536
42	111	0.513
45	7	0.52
39	7	0.473
27	84	0.479
50	2	0.485
100	70	0.51
101	22	0.519
10	90	0.429
38	49	0.559
40	111	0.709
26	76	0.439
110	111	0.566
13	95	0.48
11	19	0.475
112	30	0.454
17	39	0.576
1	30	0.46
49	112	0.448
19	67	0.491
104	31	0.482
30	12	0.45
28	18	0.476
22	36	0.602
41	31	0.517
21	37	0.414
32	6	0.596
46	13	0.42
44	6	0.381
23	107	0.504
4	19	0.36
20	71	0.574
2	74	0.497
57	71	0.526
25	74	0.491
31	50	0.515
34	107	0.561
61	85	0.521
42	107	0.542
111	104	0.404
13	15	0.465
38	99	0.544
40	105	0.515
26	54	0.467
10	36	0.496
27	36	0.49
50	82	0.557
45	11	0.488
101	21	0.436
39	42	0.476
4	18	0.378
31	3	0.504
34	105	0.561
100	105	0.575
25	23	0.429
2	23	0.443
22	112	0.53
57	18	0.5
112	12	0.442
11	94	0.456
19	57	0.448
110	107	0.579
30	78	0.544
17	11	0.533
21	12	0.42
46	47	0.506
20	16	0.492
41	30	0.484
32	25	0.56
104	59	0.373
44	28	0.454
1	29	0.441
28	94	0.466
50	87	0.471
38	10	0.571
40	104	0.439
42	105	0.52
26	74	0.481
27	94	0.492
100	104	0.441
111	103	0.582
112	7	0.478
57	70	0.527
2	103	0.515
41	29	0.426
65	111	0.471
27	6	0.598
52	111	0.655
23	105	0.455
57	56	0.5
61	112	0.477
25	12	0.439
101	20	0.511
13	53	0.523
49	71	0.531
4	65	0.444
31	110	0.517
45	80	0.535
39	63	0.462
10	11	0.502
1	69	0.444
30	77	0.553
104	49	0.42
44	47	0.434
110	105	0.568
42	104	0.473
50	35	0.506
38	96	0.525
34	104	0.432
22	71	0.62
28	6	0.573
20	30	0.592
40	82	0.425
26	23	0.408
41	76	0.485
2	41	0.42
100	60	0.498
21	78	0.461
46	56	0.452
11	6	0.653
112	61	0.477
19	43	0.329
52	107	0.593
27	93	0.47
17	80	0.586
65	107	0.517
111	97	0.457
32	91	0.55
20	29	0.528
39	41	0.442
44	30	0.428
104	88	0.378
10	80	0.46
30	101	0.46
1	25	0.471
45	76	0.448
23	4	0.561
4	54	0.376
61	71	0.51
13	52	0.45
50	83	0.534
25	14	0.487
41	53	0.5
28	1	0.47
101	73	0.481
31	60	0.547
34	36	0.506
49	19	0.355
57	82	0.472
112	2	0.39
2	8	0.479
100	110	0.527
26	58	0.467
22	82	0.544
40	93	0.522
21	77	0.489
46	106	0.487
42	112	0.502
27	76	0.451
110	104	0.434
11	106	0.488
38	13	0.535
19	4	0.36
17	76	0.364
52	105	0.708
20	93	0.51
32	63	0.408
65	105	0.393
111	89	0.5
31	41	0.517
61	98	0.433
28	12	0.454
30	2	0.469
41	52	0.495
101	64	0.485
44	29	0.432
13	47	0.466
4	80	0.521
10	84	0.507
104	83	0.444
25	33	0.459
1	91	0.474
23	104	0.413
39	8	0.487
50	84	0.472
11	31	0.536
22	80	0.625
46	31	0.546
40	84	0.504
110	103	0.563
49	14	0.489
2	42	0.497
65	104	0.464
34	37	0.467
38	32	0.541
26	96	0.436
27	37	0.458
19	35	0.534
21	112	0.443
112	101	0.497
100	85	0.549
57	1	0.423
20	91	0.565
32	42	0.486
42	71	0.563
52	36	0.544
17	10	0.527
101	72	0.469
50	27	0.501
39	103	0.457
10	110	0.501
23	112	0.51
44	110	0.505
104	16	0.429
61	75	0.444
1	33	0.391
31	8	0.54
30	16	0.465
28	57	0.484
111	87	0.491
25	87	0.453
4	11	0.539
13	98	0.452
41	10	0.488
38	62	0.606
34	82	0.5
11	90	0.484
2	63	0.441
110	97	0.451
46	89	0.485
22	11	0.558
49	33	0.497
65	82	0.559
26	13	0.424
4	95	0.446
19	94	0.451
1	14	0.451
31	103	0.518
61	104	0.423
13	75	0.429
41	99	0.38
52	112	0.621
42	1	0.475
40	35	0.47
101	106	0.479
112	57	0.48
20	25	0.508
100	36	0.508
21	71	0.489
23	71	0.513
39	17	0.576
30	19	0.451
28	67	0.509
111	86	0.5
44	60	0.456
17	99	0.436
57	78	0.468
32	69	0.504
10	60	0.488
50	90	0.42
104	5	0.368
34	4	0.533
46	66	0.588
49	43	0.403
22	70	0.547
2	32	0.527
4	15	0.441
19	6	0.4
1	87	0.458
31	30	0.517
65	4	0.444
38	68	0.52
110	93	0.517
26	46	0.451
25	45	0.395
66	107	0.608
105	58	0.308
11	27	0.539
106	107	0.497
36	107	0.549
33	107	0.5
27	78	0.509
60	111	0.464
48	12	0.263
112	67	0.501
48	111	0.554
42	19	0.494
38	34	0.561
25	55	0.451
106	111	0.477
1	4	0.408
13	110	0.489
26	86	0.448
52	71	0.627
41	96	0.414
22	110	0.582
49	80	0.522
4	106	0.522
46	58	0.542
60	107	0.498
2	62	0.519
31	29	0.499
17	96	0.496
27	12	0.403
34	19	0.439
11	1	0.486
65	93	0.47
20	57	0.551
61	35	0.523
101	31	0.516
66	111	0.606
110	89	0.444
33	111	0.578
44	87	0.415
40	4	0.453
36	111	0.52
39	109	0.448
104	65	0.464
100	112	0.506
111	85	0.541
10	72	0.512
19	83	0.518
112	89	0.467
30	25	0.465
21	22	0.48
28	37	0.465
23	78	0.53
57	4	0.397
32	43	0.495
38	45	0.579
13	60	0.485
48	107	0.544
42	110	0.536
106	105	0.544
50	12	0.445
105	43	0.386
26	110	0.498
25	34	0.52
22	60	0.579
46	74	0.602
52	104	0.492
49	11	0.547
31	87	0.484
1	43	0.443
4	31	0.453
2	68	0.513
60	105	0.512
39	38	0.493
41	13	0.444
11	97	0.47
61	102	0.53
17	13	0.517
111	84	0.427
100	71	0.523
44	33	0.411
40	70	0.52
65	77	0.644
33	105	0.617
101	44	0.465
110	86	0.532
27	90	0.391
26	60	0.445
34	94	0.499
57	67	0.519
10	64	0.487
50	70	0.474
105	56	0.461
28	85	0.524
42	60	0.518
48	112	0.501
13	46	0.42
23	19	0.437
30	91	0.547
38	55	0.547
104	96	0.472
31	14	0.532
52	84	0.541
20	67	0.556
36	105	0.688
25	85	0.51
21	93	0.458
49	23	0.376
19	37	0.405
112	47	0.48
66	105	0.165
106	104	0.393
1	42	0.475
22	78	0.56
46	23	0.425
2	22	0.496
32	37	0.495
39	40	0.453
60	104	0.442
4	32	0.333
70	107	0.563
111	83	0.341
20	19	0.524
11	96	0.534
36	4	0.399
104	13	0.413
52	82	0.542
13	86	0.486
14	111	0.496
31	33	0.473
105	107	0.392
48	71	0.557
10	54	0.565
30	37	0.474
23	82	0.545
26	66	0.561
28	84	0.476
50	4	0.472
57	35	0.528
27	30	0.496
40	1	0.453
65	112	0.476
41	65	0.48
101	102	0.51
100	67	0.536
61	44	0.464
42	4	0.525
34	6	0.565
17	66	0.647
1	63	0.444
25	97	0.401
112	90	0.387
33	104	0.438
44	14	0.388
21	83	0.483
66	4	0.677
106	78	0.551
49	74	0.468
22	97	0.522
46	42	0.522
38	73	0.567
2	21	0.436
19	93	0.424
110	85	0.514
32	66	0.704
60	110	0.527
39	53	0.484
64	107	0.558
47	111	0.512
27	29	0.472
4	62	0.556
20	85	0.562
36	82	0.581
11	13	0.517
52	4	0.709
31	66	0.5
104	99	0.32
14	107	0.485
48	1	0.385
10	112	0.463
26	47	0.441
13	5	0.442
111	82	0.559
70	111	0.487
19	34	0.439
17	95	0.576
44	66	0.513
101	9	0.536
40	16	0.464
65	71	0.514
34	70	0.515
42	35	0.561
23	84	0.432
61	95	0.599
39	52	0.538
2	52	0.505
50	28	0.523
57	100	0.483
41	22	0.57
21	110	0.488
46	63	0.476
49	17	0.471
1	32	0.541
66	84	0.515
22	23	0.5
33	84	0.487
106	82	0.537
105	31	0.518
100	57	0.483
25	1	0.471
38	20	0.586
28	36	0.489
110	84	0.525
112	27	0.417
47	107	0.537
64	111	0.557
30	84	0.513
60	82	0.538
32	87	0.541
111	78	0.5
20	69	0.53
14	105	0.493
52	35	0.583
26	89	0.46
11	10	0.502
70	1	0.417
31	69	0.577
36	60	0.503
104	10	0.423
13	16	0.423
10	71	0.533
4	68	0.489
27	61	0.43
50	36	0.5
19	55	0.478
34	84	0.432
61	15	0.424
48	105	0.581
44	35	0.446
25	61	0.47
100	97	0.416
41	21	0.465
65	18	0.455
2	53	0.494
23	85	0.495
42	84	0.481
39	58	0.501
17	15	0.488
28	83	0.456
57	39	0.445
1	62	0.517
112	99	0.37
66	104	0.598
33	4	0.397
47	105	0.51
110	83	0.538
31	90	0.439
40	57	0.456
49	109	0.531
26	28	0.441
21	60	0.45
111	77	0.553
14	36	0.449
52	87	0.506
70	105	0.449
105	106	0.544
106	19	0.484
101	17	0.475
64	105	0.558
38	64	0.589
13	65	0.518
20	90	0.477
36	110	0.512
32	14	0.456
60	36	0.503
30	4	0.469
46	41	0.498
22	74	0.536
104	37	0.412
4	2	0.385
27	7	0.474
11	99	0.459
61	67	0.453
10	4	0.452
50	93	0.459
25	7	0.474
100	84	0.46
34	43	0.459
41	58	0.498
44	20	0.479
48	104	0.473
14	104	0.382
66	82	0.375
109	111	0.543
52	66	0.598
26	81	0.402
49	38	0.559
31	27	0.534
105	65	0.393
33	94	0.5
112	10	0.463
23	70	0.465
17	83	0.518
39	86	0.486
19	45	0.387
42	77	0.602
2	17	0.458
64	104	0.475
57	16	0.444
1	68	0.465
110	82	0.576
28	4	0.361
40	67	0.525
21	1	0.429
38	72	0.509
50	57	0.471
60	94	0.461
32	33	0.37
30	85	0.546
61	57	0.471
104	47	0.437
70	28	0.528
47	104	0.437
13	66	0.602
36	104	0.419
20	27	0.547
22	35	0.544
65	83	0.595
46	8	0.5
11	48	0.563
27	23	0.43
10	97	0.467
106	35	0.517
101	109	0.578
111	76	0.538
4	101	0.49
52	70	0.575
41	32	0.492
109	107	0.585
100	19	0.494
34	35	0.625
44	73	0.483
48	19	0.582
25	57	0.491
14	12	0.444
66	58	0.594
79	107	0.562
27	74	0.523
21	85	0.478
60	6	0.547
42	78	0.558
32	47	0.524
61	2	0.454
104	93	0.447
13	59	0.457
1	74	0.516
38	66	0.643
10	106	0.531
105	102	0.739
50	67	0.508
28	69	0.523
19	77	0.398
17	59	0.48
31	82	0.515
23	36	0.414
39	46	0.496
26	51	0.463
33	6	0.605
110	78	0.535
20	59	0.499
40	78	0.506
47	78	0.533
49	40	0.486
2	109	0.465
11	43	0.491
70	104	0.364
106	70	0.491
46	103	0.581
65	12	0.446
112	96	0.41
101	38	0.498
111	98	0.516
57	6	0.583
22	77	0.549
30	61	0.504
36	6	0.607
4	64	0.418
64	4	0.418
52	33	0.476
66	35	0.6
100	82	0.551
109	105	0.4
25	67	0.512
34	93	0.536
48	28	0.556
44	36	0.41
41	68	0.5
1	23	0.487
14	78	0.555
61	101	0.516
27	19	0.417
32	78	0.55
42	101	0.509
60	84	0.471
105	44	0.571
23	94	0.515
31	85	0.548
13	49	0.423
19	97	0.479
33	82	0.506
79	111	0.417
26	64	0.447
49	47	0.526
21	65	0.467
28	93	0.487
20	49	0.545
50	56	0.516
39	110	0.505
47	82	0.611
46	64	0.5
40	37	0.397
11	58	0.557
106	36	0.49
110	77	0.585
70	82	0.494
38	47	0.546
25	56	0.486
106	77	0.581
17	49	0.471
10	31	0.533
30	7	0.497
52	14	0.62
34	17	0.612
111	75	0.455
22	84	0.561
57	94	0.476
66	101	0.677
101	40	0.481
112	13	0.406
36	94	0.428
11	87	0.509
41	62	0.534
48	77	0.528
100	78	0.512
1	96	0.483
65	78	0.55
40	25	0.464
4	72	0.476
2	38	0.555
60	19	0.488
110	76	0.508
109	82	0.724
20	88	0.513
27	77	0.578
44	27	0.382
70	18	0.486
101	53	0.538
32	73	0.552
66	2	0.528
106	37	0.402
36	35	0.563
30	56	0.535
10	49	0.45
38	23	0.564
64	82	0.548
61	103	0.552
25	96	0.455
23	6	0.48
57	80	0.573
11	33	0.489
112	91	0.515
100	28	0.534
41	90	0.492
50	58	0.548
48	67	0.4
47	35	0.51
17	88	0.528
40	91	0.552
65	84	0.478
105	70	0.449
34	65	0.53
52	78	0.491
14	84	0.459
2	40	0.439
42	2	0.497
39	60	0.459
4	37	0.314
22	37	0.563
26	72	0.453
19	89	0.607
110	98	0.515
31	19	0.507
111	70	0.487
79	105	0.628
46	72	0.535
33	35	0.56
49	91	0.532
21	13	0.402
1	13	0.457
109	77	0.385
60	70	0.515
28	65	0.478
27	69	0.52
13	88	0.477
64	112	0.512
10	88	0.505
101	52	0.549
44	90	0.405
20	36	0.567
66	87	0.567
30	36	0.535
32	20	0.55
106	46	0.487
25	13	0.456
38	74	0.585
36	37	0.523
70	36	0.465
61	84	0.471
65	6	0.573
40	83	0.561
105	66	0.165
48	57	0.513
34	96	0.526
57	11	0.502
100	94	0.454
50	64	0.583
17	14	0.546
42	95	0.582
41	27	0.474
112	25	0.45
23	101	0.413
47	37	0.448
101	57	0.495
66	70	0.654
64	71	0.549
10	59	0.556
4	69	0.399
14	82	0.524
44	3	0.403
20	6	0.652
106	83	0.557
39	54	0.479
22	101	0.519
31	37	0.495
46	44	0.423
33	1	0.391
19	30	0.451
26	109	0.477
1	22	0.501
110	75	0.492
60	37	0.493
13	41	0.444
111	69	0.546
28	30	0.51
32	11	0.512
79	104	0.493
25	69	0.491
11	14	0.583
52	12	0.544
38	80	0.59
109	70	0.733
36	19	0.497
30	70	0.503
61	82	0.6
21	96	0.433
27	80	0.532
57	21	0.447
70	84	0.47
34	13	0.492
48	70	0.345
40	112	0.482
105	77	0.636
65	94	0.49
49	25	0.435
17	33	0.521
42	15	0.541
53	111	0.536
112	85	0.502
100	6	0.603
50	72	0.51
41	23	0.475
47	18	0.477
106	4	0.522
14	77	0.447
64	77	0.555
66	33	0.6
23	2	0.443
101	67	0.487
44	50	0.409
52	27	0.498
33	87	0.455
60	83	0.546
32	80	0.452
25	22	0.508
28	29	0.424
20	94	0.538
22	2	0.496
11	51	0.528
38	11	0.572
19	29	0.443
39	75	0.426
31	65	0.49
26	40	0.455
13	8	0.488
110	112	0.472
111	66	0.606
1	21	0.429
79	82	0.57
10	83	0.581
4	22	0.503
61	93	0.476
36	112	0.519
65	2	0.529
40	71	0.51
109	66	0.61
57	22	0.583
30	93	0.488
70	67	0.458
27	11	0.539
21	10	0.475
49	106	0.43
34	57	0.522
48	82	0.352
17	87	0.489
100	37	0.48
47	84	0.48
42	36	0.5
50	66	0.571
105	76	0.394
53	105	0.486
46	102	0.501
41	74	0.506
106	94	0.429
112	39	0.443
14	2	0.421
66	14	0.512
64	18	0.465
19	58	0.49
31	23	0.481
101	56	0.495
60	93	0.474
52	90	0.584
32	3	0.419
25	21	0.408
23	28	0.458
38	76	0.564
22	1	0.501
44	74	0.453
11	81	0.491
42	85	0.533
36	71	0.523
4	21	0.382
109	110	0.545
27	66	0.619
65	101	0.493
70	57	0.527
48	35	0.512
21	99	0.411
77	111	0.553
10	44	0.454
100	1	0.477
47	1	0.453
57	77	0.475
49	31	0.492
17	43	0.407
13	103	0.49
26	38	0.505
30	90	0.473
111	65	0.471
110	71	0.591
33	70	0.459
1	76	0.407
28	76	0.434
20	77	0.592
79	94	0.498
40	87	0.455
46	9	0.563
62	107	0.617
50	97	0.419
31	74	0.542
39	98	0.406
34	67	0.503
53	107	0.585
41	50	0.471
14	101	0.476
66	78	0.642
61	47	0.477
112	100	0.506
106	6	0.5
64	58	0.643
105	81	0.611
38	110	0.583
23	37	0.345
60	18	0.499
52	85	0.604
25	16	0.465
44	23	0.512
19	80	0.509
32	50	0.508
101	47	0.511
57	19	0.448
22	39	0.525
36	70	0.465
26	17	0.451
10	102	0.409
100	56	0.517
11	28	0.566
48	4	0.441
42	41	0.498
13	42	0.506
49	64	0.52
111	72	0.497
39	64	0.447
1	11	0.486
20	56	0.553
70	77	0.367
65	37	0.412
21	84	0.452
40	6	0.625
62	111	0.547
46	61	0.475
110	70	0.546
47	12	0.417
33	66	0.6
30	27	0.496
28	25	0.476
79	6	0.619
17	46	0.588
109	60	0.516
50	1	0.431
34	83	0.585
77	107	0.584
31	72	0.501
4	52	0.709
60	112	0.499
64	19	0.437
105	51	0.518
61	36	0.407
27	46	0.504
52	37	0.474
14	43	0.505
41	3	0.474
106	112	0.443
23	12	0.468
112	75	0.431
53	104	0.423
25	5	0.439
66	12	0.571
38	60	0.529
44	42	0.425
19	11	0.475
57	101	0.495
32	90	0.5
22	100	0.557
13	63	0.475
36	12	0.437
100	101	0.489
48	36	0.588
111	64	0.557
1	80	0.484
62	105	0.492
70	94	0.461
65	70	0.49
26	52	0.518
21	90	0.445
46	7	0.507
47	112	0.48
101	18	0.442
11	76	0.435
110	69	0.545
34	46	0.645
33	36	0.465
10	9	0.577
20	73	0.534
39	72	0.454
30	94	0.477
28	91	0.571
17	86	0.528
40	94	0.429
49	72	0.523
42	8	0.484
79	30	0.466
105	25	0.503
4	53	0.423
112	98	0.441
64	91	0.554
106	71	0.494
27	86	0.531
60	71	0.493
52	1	0.492
14	37	0.443
109	58	0.52
50	80	0.553
41	11	0.502
25	106	0.442
66	37	0.564
38	46	0.549
31	64	0.519
77	12	0.333
53	82	0.571
23	27	0.43
44	63	0.35
111	110	0.566
61	9	0.497
48	10	0.406
32	27	0.429
57	2	0.436
22	12	0.509
19	50	0.463
1	75	0.404
100	2	0.45
40	28	0.453
13	9	0.509
101	54	0.497
110	66	0.586
46	83	0.521
36	18	0.444
47	71	0.521
33	14	0.476
10	58	0.518
17	58	0.537
11	69	0.556
30	6	0.666
65	87	0.505
62	82	0.527
26	53	0.475
21	27	0.462
20	58	0.581
39	23	0.444
28	58	0.469
60	77	0.545
106	87	0.455
64	25	0.487
4	76	0.419
41	80	0.536
27	59	0.374
52	77	0.528
79	29	0.533
112	79	0.479
70	6	0.486
105	91	0.25
49	52	0.518
42	97	0.442
50	11	0.526
34	25	0.52
44	61	0.464
32	97	0.52
53	4	0.423
48	99	0.43
23	90	0.444
77	105	0.636
31	44	0.46
66	85	0.616
109	54	0.542
14	94	0.529
111	60	0.464
57	61	0.471
38	86	0.521
19	3	0.49
25	31	0.504
61	43	0.507
1	98	0.467
22	94	0.537
40	77	0.602
46	59	0.461
36	84	0.525
33	78	0.52
47	77	0.57
110	72	0.51
17	92	0.589
100	95	0.51
13	44	0.405
101	100	0.489
10	32	0.523
14	6	0.477
109	48	0.231
23	87	0.395
11	74	0.564
21	101	0.436
20	76	0.521
53	112	0.489
32	9	0.5
48	78	0.507
28	66	0.557
62	104	0.466
26	95	0.512
49	53	0.552
60	4	0.441
65	28	0.478
44	7	0.426
57	7	0.465
64	83	0.498
42	83	0.498
50	3	0.455
66	1	0.542
30	35	0.526
38	103	0.613
31	102	0.533
77	104	0.489
4	85	0.508
34	91	0.549
52	19	0.502
39	74	0.504
106	110	0.493
79	19	0.489
105	52	0.708
70	19	0.457
27	88	0.495
25	51	0.461
1	100	0.477
19	90	0.497
61	3	0.44
112	92	0.558
41	36	0.485
111	58	0.571
17	79	0.543
22	6	0.6
47	83	0.533
110	64	0.544
46	88	0.514
101	39	0.472
40	96	0.493
36	78	0.584
13	102	0.469
100	15	0.487
33	12	0.489
57	3	0.488
14	112	0.463
109	37	0.479
44	56	0.413
23	35	0.485
62	36	0.495
28	97	0.417
48	84	0.449
32	44	0.441
11	23	0.517
65	35	0.608
53	71	0.535
10	68	0.532
49	18	0.489
21	2	0.436
52	58	0.497
66	112	0.46
4	91	0.545
106	60	0.491
60	30	0.506
105	53	0.486
50	42	0.504
79	18	0.431
31	9	0.558
19	27	0.417
112	26	0.43
70	35	0.432
20	32	0.55
77	1	0.323
111	67	0.578
38	41	0.564
64	30	0.612
42	76	0.497
25	81	0.408
40	13	0.486
30	23	0.452
39	29	0.43
34	100	0.501
46	49	0.484
22	29	0.548
17	26	0.451
41	100	0.47
1	39	0.448
26	15	0.395
61	50	0.489
47	19	0.477
27	49	0.502
36	16	0.489
110	60	0.527
101	75	0.427
13	48	0.513
28	32	0.534
57	50	0.471
33	37	0.41
65	36	0.46
11	30	0.545
14	71	0.474
53	93	0.47
23	93	0.477
101	98	0.495
105	82	0.64
60	29	0.483
77	70	0.367
112	95	0.364
79	57	0.532
70	78	0.511
31	54	0.504
42	67	0.438
25	28	0.476
49	54	0.497
48	37	0.499
106	12	0.408
40	47	0.484
66	71	0.545
46	3	0.467
19	47	0.477
20	62	0.539
111	57	0.542
41	39	0.442
64	29	0.475
52	25	0.519
26	79	0.452
39	30	0.469
30	74	0.536
61	6	0.569
17	72	0.509
110	58	0.474
27	50	0.501
21	58	0.491
100	80	0.586
56	111	0.519
4	25	0.453
32	102	0.578
62	4	0.556
13	32	0.574
22	30	0.58
34	39	0.466
47	93	0.487
44	10	0.454
36	77	0.592
38	8	0.579
1	106	0.42
28	62	0.547
50	63	0.504
10	62	0.592
109	35	0.439
57	69	0.48
11	29	0.511
33	112	0.451
53	84	0.511
65	19	0.551
14	4	0.471
60	76	0.479
101	86	0.475
23	30	0.452
105	104	0.54
56	107	0.596
39	44	0.398
21	52	0.509
32	83	0.5
47	36	0.497
62	37	0.424
20	68	0.543
40	101	0.481
36	56	0.49
111	56	0.519
64	93	0.459
17	64	0.44
61	94	0.433
100	11	0.548
38	42	0.537
10	25	0.49
22	66	0.661
112	15	0.473
50	43	0.496
106	44	0.412
41	98	0.466
70	4	0.314
79	67	0.446
19	66	0.54
46	50	0.483
77	112	0.504
42	57	0.498
30	1	0.46
48	41	0.541
66	77	0.606
52	91	0.585
34	18	0.502
27	3	0.425
11	72	0.524
26	92	0.467
57	106	0.452
1	31	0.49
4	90	0.427
33	71	0.501
13	62	0.508
44	99	0.384
25	89	0.43
31	53	0.51
49	69	0.507
110	67	0.555
109	28	0.523
53	78	0.554
65	58	0.51
28	68	0.511
14	28	0.479
60	91	0.553
23	29	0.447
20	61	0.526
62	78	0.513
32	59	0.476
101	46	0.517
34	112	0.501
22	69	0.562
100	76	0.463
112	32	0.461
11	64	0.533
21	53	0.492
27	56	0.466
111	52	0.655
30	97	0.436
42	12	0.52
66	99	0.507
56	105	0.461
19	61	0.48
77	71	0.554
61	42	0.504
10	91	0.52
38	63	0.546
36	80	0.525
52	69	0.471
50	54	0.445
44	96	0.443
39	102	0.511
47	70	0.483
46	65	0.541
41	75	0.427
4	27	0.426
26	55	0.465
40	2	0.439
105	49	0.485
17	29	0.465
25	86	0.477
48	8	0.518
57	31	0.545
31	52	0.501
106	102	0.498
64	56	0.545
28	22	0.534
13	68	0.495
109	19	0.561
110	57	0.527
70	110	0.546
33	77	0.623
60	25	0.489
49	22	0.485
79	83	0.538
53	37	0.436
65	27	0.555
1	64	0.448
14	35	0.564
23	15	0.452
20	7	0.531
44	13	0.405
47	4	0.383
52	97	0.49
62	84	0.422
34	71	0.532
100	32	0.455
65	90	0.524
26	45	0.415
41	18	0.485
57	97	0.468
32	88	0.554
46	16	0.476
77	94	0.406
40	12	0.469
36	11	0.526
22	10	0.545
111	53	0.536
79	91	0.531
56	82	0.586
61	63	0.448
49	21	0.457
101	110	0.483
25	44	0.414
50	53	0.547
4	48	0.441
10	76	0.458
112	68	0.461
11	91	0.555
42	28	0.534
39	9	0.522
66	10	0.639
27	65	0.555
21	95	0.485
60	57	0.495
38	106	0.519
13	61	0.49
64	16	0.413
19	7	0.456
109	18	0.438
20	42	0.546
23	95	0.594
1	72	0.467
28	21	0.488
105	88	0.464
110	56	0.547
33	83	0.592
70	60	0.515
53	35	0.462
48	18	0.511
17	30	0.484
30	3	0.475
106	2	0.436
14	96	0.51
31	109	0.536
62	35	0.446
34	77	0.609
44	76	0.376
52	61	0.566
100	68	0.504
47	2	0.449
65	22	0.515
105	59	0.482
32	49	0.507
22	99	0.484
111	88	0.521
101	60	0.491
56	112	0.486
77	6	0.551
79	25	0.471
26	34	0.485
20	63	0.557
46	5	0.501
23	25	0.429
28	56	0.526
27	43	0.495
42	82	0.593
112	62	0.567
4	23	0.561
60	67	0.525
13	7	0.437
25	102	0.521
61	65	0.541
40	89	0.456
39	48	0.493
11	25	0.5
66	83	0.67
10	96	0.523
57	30	0.515
36	101	0.535
31	40	0.52
49	65	0.482
41	54	0.479
33	58	0.44
17	74	0.538
70	87	0.482
110	52	0.586
48	91	0.605
53	2	0.494
19	25	0.457
64	35	0.508
30	50	0.517
38	31	0.593
50	52	0.612
52	7	0.583
1	83	0.485
62	93	0.533
47	101	0.511
34	85	0.536
109	43	0.534
106	101	0.479
14	13	0.506
21	15	0.438
44	11	0.459
100	62	0.565
65	21	0.467
105	69	0.51
53	101	0.538
19	91	0.541
11	85	0.525
10	13	0.48
48	25	0.502
40	85	0.519
30	83	0.572
33	101	0.544
110	53	0.546
49	16	0.468
22	96	0.55
31	38	0.593
79	4	0.572
27	51	0.511
42	66	0.634
112	93	0.469
57	29	0.492
39	27	0.437
56	71	0.53
28	95	0.458
101	89	0.544
26	8	0.481
66	18	0.522
17	23	0.493
46	18	0.47
60	35	0.572
1	59	0.354
111	49	0.479
4	74	0.462
32	75	0.54
25	9	0.506
20	44	0.479
23	91	0.519
38	53	0.575
36	2	0.449
52	101	0.549
70	58	0.517
50	25	0.461
13	80	0.522
41	85	0.466
62	32	0.438
77	4	0.419
61	51	0.611
64	70	0.474
47	58	0.535
14	57	0.536
3	111	0.485
109	73	0.575
65	1	0.473
100	89	0.499
106	97	0.435
44	80	0.431
105	87	0.558
21	36	0.485
11	47	0.564
110	88	0.475
48	93	0.496
33	2	0.398
112	21	0.443
26	41	0.468
28	15	0.461
31	17	0.511
56	104	0.361
40	19	0.452
10	69	0.534
49	5	0.5
39	90	0.435
1	49	0.453
30	59	0.466
42	103	0.593
111	59	0.56
25	32	0.56
32	98	0.527
4	30	0.469
27	81	0.437
101	51	0.469
17	106	0.477
57	48	0.513
66	19	0.54
60	85	0.51
79	77	0.593
22	13	0.512
36	58	0.43
20	102	0.577
70	37	0.447
50	91	0.546
41	91	0.496
46	54	0.476
53	97	0.495
34	2	0.488
13	11	0.517
14	67	0.497
19	85	0.504
61	81	0.467
23	77	0.486
38	52	0.537
77	35	0.547
52	2	0.505
47	50	0.507
62	68	0.515
65	97	0.401
26	103	0.516
48	101	0.537
105	47	0.51
106	33	0.447
44	1	0.365
110	49	0.533
64	66	0.678
33	29	0.491
25	62	0.53
21	30	0.474
100	69	0.515
10	22	0.545
49	97	0.481
1	88	0.5
28	61	0.511
30	49	0.531
111	48	0.554
27	28	0.485
42	72	0.481
57	37	0.44
60	12	0.44
101	81	0.41
36	29	0.487
20	9	0.559
22	14	0.551
112	22	0.53
46	98	0.46
40	14	0.519
56	1	0.357
39	3	0.441
53	6	0.625
11	15	0.53
41	25	0.454
70	101	0.454
14	93	0.467
79	93	0.496
50	85	0.505
34	101	0.493
31	5	0.461
38	17	0.525
47	3	0.447
19	64	0.437
52	93	0.557
3	107	0.535
32	100	0.455
65	43	0.489
44	97	0.433
62	29	0.514
48	2	0.478
66	25	0.578
4	29	0.405
109	20	0.565
30	88	0.477
17	31	0.511
23	43	0.443
13	69	0.515
111	47	0.512
49	1	0.453
110	59	0.51
100	77	0.612
33	30	0.47
27	22	0.554
61	76	0.531
77	84	0.538
42	64	0.488
69	111	0.546
106	14	0.548
28	7	0.487
105	27	0.524
21	29	0.45
26	42	0.472
64	90	0.46
46	75	0.441
10	21	0.475
70	2	0.448
20	65	0.52
1	17	0.475
46	100	0.512
56	19	0.492
22	33	0.542
112	35	0.47
101	42	0.509
36	30	0.535
60	2	0.452
57	14	0.536
11	95	0.554
25	68	0.46
39	50	0.449
31	16	0.481
79	112	0.479
34	110	0.538
50	47	0.507
47	43	0.497
40	33	0.491
32	39	0.514
19	72	0.501
52	30	0.549
10	46	0.487
38	109	0.548
41	61	0.46
53	94	0.463
14	10	0.491
3	105	0.38
20	43	0.532
69	107	0.555
62	30	0.553
65	25	0.487
44	77	0.325
70	16	0.424
17	51	0.519
42	58	0.576
66	91	0.526
109	63	0.58
111	46	0.522
33	93	0.48
100	13	0.446
48	94	0.468
23	1	0.487
30	110	0.53
49	73	0.515
77	37	0.491
1	38	0.527
26	63	0.453
4	93	0.399
13	51	0.402
110	48	0.575
21	3	0.432
106	69	0.527
61	30	0.504
47	54	0.434
11	20	0.587
64	27	0.536
50	15	0.46
34	60	0.529
28	54	0.51
27	21	0.462
105	90	0.61
25	47	0.459
36	69	0.478
46	39	0.496
3	104	0.447
17	81	0.481
41	7	0.447
40	22	0.549
32	64	0.585
19	10	0.5
52	29	0.533
79	71	0.518
31	28	0.544
39	89	0.449
56	4	0.438
10	86	0.521
38	40	0.571
20	5	0.484
22	87	0.57
101	63	0.456
112	31	0.516
60	101	0.491
42	43	0.515
44	9	0.485
66	93	0.594
14	99	0.388
62	18	0.535
69	105	0.51
70	48	0.345
57	33	0.403
53	28	0.547
65	91	0.566
109	42	0.597
111	42	0.513
30	60	0.506
48	6	0.645
33	110	0.523
